2541	21418.6	0
2542	21418.6	0
2543	21418.6	0.00143337
2544	21418.6	0.190013
2545	32064.1	2.41402
2546	20462.4	12.4679
2547	20462.4	36.7626
2548	20462.4	87.103
2549	20462.4	159.507
2550	14215.3	277.824
2551	17466.4	424.938
2552	10326.9	645.913
2553	10326.9	931.817
2554	10326.9	1285.5
2555	16191.5	1663.28
2556	19952.5	2089.45
2557	11920.5	2570.16
2558	14760.2	3068.08
2559	14760.2	3596.45
2560	19633.7	4094.31
2561	20207.5	4607.94
2562	31977	5117.78
2563	14101.3	5607.2
2564	14101.3	6071.61
2565	8541.97	6523.54
2566	1976.15	6989.3
2567	18146.9	7430.53
2568	13949	7868.84
2569	14192.4	8354.59
2570	1529.93	8813.66
2571	8669.42	9275.21
2572	22058.6	9729.53
2573	36443.4	10160.6
2574	32565.5	10555.8
2575	39714.6	10908.4
2576	117550	11253.9
2577	337302	11511.5
2578	759123	11754.3
2579	1.24776e+06	11974.3
2580	1.66823e+06	12211.3
2581	1.88522e+06	12553.8
2582	1.91386e+06	13219.3
2583	1.83105e+06	14688.4
2584	1.67251e+06	17779.9
2585	1.45478e+06	23871.7
2586	1.2163e+06	34613.9
2587	985154	51768.4
2588	798777	76971.4
2589	639357	111478
2590	525220	155961
2591	421437	210482
2592	354574	274337
2593	351926	346084
2594	468287	423617
2595	732251	504324
2596	1.04966e+06	585294
2597	1.30587e+06	663410
2598	1.43201e+06	735802
2599	1.44648e+06	800096
2600	1.38788e+06	854479
2601	1.26641e+06	898041
2602	1.09444e+06	930737
2603	908901	953354
2604	761044	967361
2605	624944	974527
2606	530362	976790
2607	414659	976027
2608	341480	973863
2609	282795	971475
2610	266503	969573
2611	243534	968388
2612	215650	967671
2613	183628	966803
2614	160324	964824
2615	156993	960757
2616	168862	953654
2617	157518	942721
2618	146496	927308
2619	122108	907026
2620	118606	881721
2621	119487	851543
2622	108540	816848
2623	132650	778166
2624	83501.3	736250
2625	82788	691851
2626	84163.8	645809
2627	130114	598981
2628	109451	552150
2629	62118	506067
2630	59206.6	461386
2631	62050.9	418637
2632	96423.7	378289
2633	93197.2	340629
2634	81665	305949
2635	64354.3	274318
2636	66181.5	245791
2637	85163.5	220253
2638	89541.1	197631
2639	75367	177817
2640	73489.6	160566
2641	100350	145742
2642	247901	133012
2643	513115	122248
2644	856653	113216
2645	1.25456e+06	105660
2646	1.57657e+06	99420.2
2647	1.78074e+06	94431
2648	1.8168e+06	90821.7
2649	1.7457e+06	88904.5
2650	1.58131e+06	89476.9
2651	1.38771e+06	93713.3
2652	1.16758e+06	102970
2653	988067	118756
2654	783228	142464
2655	649555	175076
2656	528848	217086
2657	488391	268388
2658	497321	328262
2659	709437	395183
2660	1.24151e+06	467198
2661	1.88714e+06	541831
2662	2.44685e+06	616316
2663	2.72048e+06	687984
2664	2.72871e+06	754449
2665	2.60075e+06	813922
2666	2.37607e+06	865702
2667	2.09356e+06	910139
2668	1.77157e+06	948666
2669	1.48325e+06	983450
2670	1.2409e+06	1.01686e+06
2671	1.0621e+06	1.05128e+06
2672	919766	1.08865e+06
2673	777825	1.13045e+06
2674	649866	1.17724e+06
2675	550343	1.22868e+06
2676	501374	1.28369e+06
2677	452622	1.34041e+06
2678	390191	1.39652e+06
2679	330499	1.44914e+06
2680	278708	1.49558e+06
2681	283539	1.53346e+06
2682	261088	1.56059e+06
2683	254176	1.57549e+06
2684	211352	1.57713e+06
2685	197368	1.5651e+06
2686	203065	1.53957e+06
2687	207427	1.5012e+06
2688	281346	1.45113e+06
2689	445804	1.39081e+06
2690	837940	1.32197e+06
2691	1.31926e+06	1.24643e+06
2692	1.73721e+06	1.16616e+06
2693	1.94573e+06	1.08305e+06
2694	1.94468e+06	999120
2695	1.85676e+06	916344
2696	1.71071e+06	836935
2697	1.51529e+06	763414
2698	1.28969e+06	698263
2699	1.05704e+06	643999
2700	870148	602648
2701	707266	575726
2702	594045	564042
2703	478735	567652
2704	388655	585777
2705	331959	616755
2706	295035	658326
2707	272389	707576
2708	244008	761269
2709	214073	815986
2710	213223	868395
2711	229300	915649
2712	252416	955267
2713	252546	985389
2714	233551	1.00473e+06
2715	201201	1.01261e+06
2716	200268	1.00901e+06
2717	188001	994381
2718	173783	969637
2719	136815	936045
2720	111540	895093
2721	109129	848361
2722	110737	797469
2723	85166.5	744014
2724	69205.5	689392
2725	55955.8	634895
2726	65908	581576
2727	68923.9	530264
2728	77821.5	481616
2729	65737.5	436062
2730	64307.2	393843
2731	60390.6	355075
2732	63492.5	319728
2733	55972.8	287740
2734	44700.8	258971
2735	40912.7	233200
2736	38125.2	210234
2737	37955.1	189864
2738	36842	171816
2739	41913.3	155889
2740	31740.9	141831
2741	24789.4	129413
2742	28617.8	118479
2743	40873.4	108806
2744	38277.6	100228
2745	22063.5	92611.8
2746	30625.1	85815.9
2747	25049.6	79717.6
2748	27977.3	74242.7
2749	24745.4	69288
2750	30713.3	64804.5
2751	23418.6	60739.9
2752	18390.9	57043.1
2753	9653.63	53681.4
2754	10693.1	50600.5
2755	12682.3	47803.5
2756	8710.59	45255.6
2757	5925	42928.6
2758	10146.5	40789.2
2759	10224	38839.8
2760	12135.8	37019.3
2761	9011.18	35304.2
2762	6073.98	33671.8
2763	4962.6	32098.7
2764	2342.27	30586.4
2765	12326.6	29076.6
2766	9794.44	27588.9
2767	8093.11	26143
2768	1672.43	24694.6
2769	4473.98	23250
2770	8560.65	21844.5
2771	11103.8	20467.9
2772	14449.4	19126.6
2773	17600.2	17840.5
2774	52647.5	16615.1
2775	137992	15447.5
2776	319617	14355.9
2777	530864	13340.2
2778	716791	12429.8
2779	809519	11646.6
2780	825177	11083.6
2781	822363	10944.1
2782	833780	11567.2
2783	907898	13541
2784	998850	17548.5
2785	1.0693e+06	24372.9
2786	1.07289e+06	34734.5
2787	1.01348e+06	49228.9
2788	931011	68327.5
2789	822834	92395.5
2790	706646	121643
2791	588207	156088
2792	488476	195559
2793	402519	239553
2794	329362	287317
2795	265369	337788
2796	214453	389741
2797	183683	441825
2798	159720	492565
2799	145764	540510
2800	124826	584215
2801	107410	622392
2802	96201.6	653905
2803	85250.2	677884
2804	86670.5	693802
2805	76548	701422
2806	68823.2	700823
2807	60576.4	692333
2808	55257	676546
2809	59207.6	654253
2810	52615.7	626375
2811	49895.5	593921
2812	47146.7	557952
2813	45419.6	519518
2814	51439.8	479611
2815	49008.6	439174
2816	49346.4	399023
2817	43028.9	359882
2818	40921.8	322338
2819	42345.3	286855
2820	39907.5	253803
2821	42948.5	223406
2822	37580.3	195821
2823	37482.8	171081
2824	35244.2	149145
2825	35788.5	129932
2826	32706.2	113275
2827	25559	99005.1
2828	26007.3	86911.4
2829	24065.4	76775.8
2830	25388.7	68383.2
2831	21784.1	61484.4
2832	20399.4	55882.7
2833	21284.4	51358.3
2834	16772.7	47720.4
2835	16431.7	44799
2836	14317	42436.4
2837	16323.8	40510.1
2838	14700.1	38893.6
2839	7844.2	37505.7
2840	8865.18	36261.9
2841	7371.05	35107.4
2842	5727.52	33999.6
2843	4308.1	32898.8
2844	5055.15	31789.7
2845	6150.85	30652.9
2846	6150.85	29488.3
2847	6150.85	28276.9
2848	6150.85	27021.2
2849	6150.85	25734.9
2850	6150.85	24410.9
2851	6150.85	23059
2852	6150.85	21682.9
2853	6150.85	20298.6
2854	6150.85	18905.6
2855	6150.85	17505
2856	6150.85	16120.1
2857	6150.85	14748.8
2858	6150.85	13408.9
2859	6150.85	12103.8
2860	6150.85	10840.3
2861	6150.85	9637.2
2862	6150.85	8492.89
2863	6150.85	7414.78
2864	6150.85	6409.74
2865	6150.85	5488
2866	6150.85	4646.62
2867	6150.85	3880.1
2868	6150.85	3200.56
2869	6150.85	2601.7
2870	6150.85	2073.27
2871	6150.85	1619.99
2872	6150.85	1235.41
2873	6150.85	909.788
2874	6150.85	640.525
2875	6150.85	423.368
2876	6150.85	249.167
2877	6150.85	111.886
2878	6150.85	9.41208
2879	6150.85	-65.6328
2880	6150.85	-119.761
2881	6150.85	-154.279
2882	6150.85	-172.738
2883	6150.85	-181.684
2884	6150.85	-182.274
2885	6150.85	-174.771
2886	6150.85	-164.511
2887	6150.85	-151.936
2888	6150.85	-136.732
2889	6150.85	-121.711
2890	6150.85	-106.776
2891	6150.85	-92.6434
2892	6150.85	-79.6319
2893	6150.85	-67.6198
2894	6150.85	-57.0862
2895	6150.85	-47.8254
2896	6150.85	-39.7419
2897	6150.85	-32.8696
2898	6150.85	-27.0629
2899	6150.85	-22.156
2900	6150.85	-18.0651
2901	6150.85	-14.7067
2902	6150.85	-11.9373
2903	6150.85	-9.64604
2904	6150.85	-7.79453
2905	6150.85	-6.28516
2906	6150.85	-5.03265
2907	6150.85	-4.02311
2908	6150.85	-3.19517
2909	6150.85	-2.50078
2910	6150.85	-1.93536
2911	6150.85	-1.46871
2912	6150.85	-1.07514
2913	6150.85	-0.751862
2914	6150.85	-0.485551
2915	6150.85	-0.264437
2916	6150.85	-0.0852465
2917	6150.85	0.0582618
2918	6150.85	0.171246
2919	6150.85	0.257194
2920	6150.85	0.32014
2921	6150.85	0.362801
2922	6150.85	0.388134
2923	6150.85	0.399597
2924	6150.85	0.399113
2925	6150.85	0.388692
2926	6150.85	0.371399
2927	6150.85	0.348782
2928	6150.85	0.321867
2929	6150.85	0.292905
2930	6150.85	0.263158
2931	6150.85	0.232886
2932	6150.85	0.203464
2933	6150.85	0.175779
2934	6150.85	0.149615
2935	6150.85	0.125616
2936	6150.85	0.104202
2937	6150.85	0.0850375
2938	6150.85	0.0682174
2939	6150.85	0.0538321
2940	6150.85	0.0415721
2941	6150.85	0.0312547
2942	6150.85	0.0228247
2943	6150.85	0.016009
2944	6150.85	0.0105449
2945	6150.85	0.00631048
2946	6150.85	0.00312464
2947	6150.85	0.000749622
2948	6150.85	-0.000963534
2949	6150.85	-0.00206959
2950	6150.85	-0.00276297
2951	6150.85	-0.00317776
2952	6150.85	-0.00330706
2953	6150.85	-0.0032744
2954	6150.85	-0.00314943
2955	6150.85	-0.00293682
2956	6150.85	-0.00268181
2957	6150.85	-0.00240796
2958	6150.85	-0.00214599
2959	6150.85	-0.00189255
2960	6150.85	-0.00166231
2961	6150.85	-0.00145146
2962	6150.85	-0.00126567
2963	6150.85	-0.00110388
2964	6150.85	-0.00096117
2965	6150.85	-0.000837158
2966	6150.85	-0.000730848
2967	6150.85	-0.000639606
2968	6150.85	-0.000559707
2969	6150.85	-0.000490463
2970	6150.85	-0.00043083
2971	6150.85	-0.000377484
2972	6150.85	-0.000330245
2973	6150.85	-0.000288931
2974	6150.85	-0.000251482
2975	6150.85	-0.000217877
2976	6150.85	-0.000187982
2977	6150.85	-0.000161098
2978	6150.85	-0.000137065
2979	6150.85	-0.000115567
2980	6150.85	-9.6469e-05
2981	6150.85	-7.95747e-05
2982	6150.85	-6.48464e-05
2983	6150.85	-5.21647e-05
2984	6150.85	-4.13318e-05
2985	6150.85	-3.22025e-05
2986	6150.85	-2.4611e-05
2987	6150.85	-1.844e-05
2988	6150.85	-1.33916e-05
2989	6150.85	-9.48212e-06
2990	6150.85	-6.62727e-06
2991	6150.85	-4.42411e-06
2992	6150.85	-2.76831e-06
2993	6150.85	-1.61034e-06
2994	6150.85	-8.56661e-07
2995	6150.85	-3.08173e-07

2563	81411.2	0
2564	81411.2	0
2565	81411.2	0.00544817
2566	81411.2	0.722233
2567	121875	9.1756
2568	77777	47.3899
2569	77777	139.733
2570	77777	331.075
2571	77777	606.279
2572	54031.9	1056
2573	66389	1615.17
2574	39252	2455.09
2575	39252	3541.8
2576	39252	4886.13
2577	75683	6322.06
2578	75838.6	7941.91
2579	45309.3	9769.09
2580	6607.56	11661.8
2581	21167.7	13671.6
2582	88135.6	15570.6
2583	76807.8	17538.4
2584	47447.5	19504.4
2585	6312.6	21389.2
2586	9384.51	23176.4
2587	43998.5	24875
2588	14328.7	26623.9
2589	36126.1	28216.3
2590	12657.3	29775.8
2591	40769.8	31360.9
2592	18987.2	32726.5
2593	64974.5	33980.8
2594	46427.6	35163.4
2595	92412.3	36166.1
2596	109195	36886
2597	200451	37417
2598	476402	37856.3
2599	1.2367e+06	38030.9
2600	2.8387e+06	38119.4
2601	4.72549e+06	38138
2602	6.35822e+06	38332
2603	7.19086e+06	39002.5
2604	7.27679e+06	41039.5
2605	6.95986e+06	46205.2
2606	6.33885e+06	57696.3
2607	5.54913e+06	80642.5
2608	4.65008e+06	121312
2609	3.77812e+06	186547
2610	3.05892e+06	282454
2611	2.4312e+06	413787
2612	2.04364e+06	583126
2613	1.78817e+06	790784
2614	1.80653e+06	1.03404e+06
2615	1.91521e+06	1.30735e+06
2616	2.13306e+06	1.60284e+06
2617	2.3154e+06	1.91057e+06
2618	2.39077e+06	2.21961e+06
2619	2.35207e+06	2.51826e+06
2620	2.21591e+06	2.79599e+06
2621	2.06935e+06	3.04422e+06
2622	1.84857e+06	3.25602e+06
2623	1.62975e+06	3.42713e+06
2624	1.36567e+06	3.55531e+06
2625	1.12711e+06	3.64058e+06
2626	997338	3.68478e+06
2627	855253	3.69091e+06
2628	862833	3.66305e+06
2629	990347	3.60565e+06
2630	1.36007e+06	3.52343e+06
2631	1.87568e+06	3.42077e+06
2632	2.33193e+06	3.30185e+06
2633	2.58889e+06	3.17035e+06
2634	2.53882e+06	3.02971e+06
2635	2.37355e+06	2.88321e+06
2636	2.23178e+06	2.73396e+06
2637	2.0036e+06	2.58554e+06
2638	1.77796e+06	2.44146e+06
2639	1.48999e+06	2.30524e+06
2640	1.39231e+06	2.17995e+06
2641	1.32828e+06	2.06816e+06
2642	1.44856e+06	1.97166e+06
2643	1.48347e+06	1.8914e+06
2644	1.50226e+06	1.82761e+06
2645	1.51079e+06	1.77945e+06
2646	1.6686e+06	1.74541e+06
2647	2.0952e+06	1.72345e+06
2648	2.59629e+06	1.71104e+06
2649	2.98199e+06	1.70583e+06
2650	3.12381e+06	1.70521e+06
2651	3.02906e+06	1.70727e+06
2652	2.87292e+06	1.71044e+06
2653	2.62877e+06	1.71407e+06
2654	2.28115e+06	1.71837e+06
2655	1.90495e+06	1.72407e+06
2656	1.59673e+06	1.73259e+06
2657	1.38038e+06	1.74526e+06
2658	1.12402e+06	1.76314e+06
2659	927683	1.78681e+06
2660	751247	1.81644e+06
2661	664536	1.85123e+06
2662	630481	1.8897e+06
2663	533459	1.92994e+06
2664	563160	1.96935e+06
2665	706555	2.00511e+06
2666	1.15682e+06	2.03423e+06
2667	1.65284e+06	2.05393e+06
2668	2.14097e+06	2.06216e+06
2669	2.42216e+06	2.0572e+06
2670	2.62179e+06	2.03827e+06
2671	2.73188e+06	2.00541e+06
2672	2.76751e+06	1.95964e+06
2673	2.63978e+06	1.90347e+06
2674	2.38223e+06	1.83999e+06
2675	2.19896e+06	1.77304e+06
2676	2.17821e+06	1.70665e+06
2677	2.48112e+06	1.64507e+06
2678	2.96816e+06	1.59191e+06
2679	3.52286e+06	1.5502e+06
2680	3.87955e+06	1.52212e+06
2681	4.00208e+06	1.50868e+06
2682	3.91501e+06	1.51029e+06
2683	3.6556e+06	1.52659e+06
2684	3.28469e+06	1.55715e+06
2685	2.84907e+06	1.60126e+06
2686	2.409e+06	1.65836e+06
2687	2.03684e+06	1.72778e+06
2688	1.78188e+06	1.80855e+06
2689	1.73515e+06	1.89923e+06
2690	1.96475e+06	1.99802e+06
2691	2.34123e+06	2.10254e+06
2692	2.7243e+06	2.20984e+06
2693	2.87451e+06	2.31664e+06
2694	2.84331e+06	2.4192e+06
2695	2.67835e+06	2.51401e+06
2696	2.42938e+06	2.598e+06
2697	2.20985e+06	2.66897e+06
2698	2.0929e+06	2.72573e+06
2699	2.18105e+06	2.76815e+06
2700	2.37194e+06	2.79674e+06
2701	2.54948e+06	2.81249e+06
2702	2.64721e+06	2.81676e+06
2703	2.69207e+06	2.81112e+06
2704	2.68736e+06	2.79712e+06
2705	2.61147e+06	2.77642e+06
2706	2.43767e+06	2.75074e+06
2707	2.18263e+06	2.72176e+06
2708	1.93249e+06	2.69106e+06
2709	1.65525e+06	2.65992e+06
2710	1.38578e+06	2.62957e+06
2711	1.17687e+06	2.60095e+06
2712	987320	2.57475e+06
2713	848638	2.55118e+06
2714	709902	2.52982e+06
2715	639290	2.50997e+06
2716	578277	2.49042e+06
2717	523180	2.46954e+06
2718	468047	2.4455e+06
2719	418706	2.4165e+06
2720	388905	2.38095e+06
2721	359332	2.33744e+06
2722	337505	2.28494e+06
2723	301262	2.22293e+06
2724	266632	2.15133e+06
2725	249476	2.07045e+06
2726	248143	1.98108e+06
2727	251100	1.88429e+06
2728	230329	1.78143e+06
2729	198892	1.67412e+06
2730	192917	1.56387e+06
2731	200382	1.45236e+06
2732	191695	1.3412e+06
2733	163645	1.23187e+06
2734	143119	1.12569e+06
2735	146548	1.02381e+06
2736	143419	927194
2737	142665	836547
2738	128762	752352
2739	130475	674941
2740	108759	604407
2741	109492	540636
2742	95723.6	483477
2743	84787.9	432655
2744	84377.6	387753
2745	74587.2	348334
2746	71672.1	313936
2747	70002	284037
2748	61864.8	258168
2749	55320.3	235785
2750	44542.3	216420
2751	49580	199648
2752	50506.9	185060
2753	34716.7	172289
2754	25818.3	160991
2755	26669.5	150911
2756	52415.9	141815
2757	26130.7	133498
2758	19960	125790
2759	16579.7	118603
2760	54967.6	111817
2761	43214.2	105335
2762	4948.41	99154.1
2763	3722.08	93213
2764	4367.51	87490.9
2765	21188.4	82020.7
2766	19504.7	76737
2767	11532	71722.9
2768	11532	66965.4
2769	11532	62456.4
2770	18081	58158.4
2771	22281	54074.8
2772	13311.6	50265.1
2773	13311.6	46669.1
2774	13311.6	43262.7
2775	21925	40024.3
2776	22565.7	37014.6
2777	11033.7	34175.4
2778	11033.7	31510.7
2779	11033.7	29017.4
2780	9538.84	26682.6
2781	2206.77	24572.6
2782	9325.26	22611.1
2783	2135.59	20821.2
2784	7901.57	19244.1
2785	1708.48	17794.7
2786	9681.16	16488.7
2787	12172.7	15340.8
2788	25341.9	14311.1
2789	27192.5	13370.3
2790	44349.3	12513.4
2791	131269	11767.2
2792	361556	11080.7
2793	832163	10469.2
2794	1.38577e+06	9934.4
2795	1.86292e+06	9531.02
2796	2.10523e+06	9340.1
2797	2.13064e+06	9593.75
2798	2.04322e+06	10801
2799	1.86127e+06	13900.7
2800	1.62309e+06	20400.3
2801	1.3528e+06	32125
2802	1.09895e+06	51082.6
2803	885324	79073.9
2804	705583	117485
2805	569050	167086
2806	451881	227955
2807	365392	299291
2808	302535	379461
2809	273778	466142
2810	244236	556385
2811	217185	646933
2812	174474	734265
2813	148350	815101
2814	146997	886627
2815	141801	946464
2816	131550	992936
2817	103645	1.02495e+06
2818	119393	1.04213e+06
2819	92541	1.04471e+06
2820	87771.2	1.03344e+06
2821	92754.2	1.00953e+06
2822	125805	974523
2823	95047.5	930204
2824	63995.3	878447
2825	69263.1	821186
2826	70615.5	760272
2827	82001.3	697492
2828	75822.6	634360
2829	76481.9	572307
2830	64280.1	512469
2831	76452.7	455742
2832	92930.6	402765
2833	99014.8	354022
2834	80563.2	309822
2835	65419	270220
2836	57304	235220
2837	79462.5	204628
2838	77241.7	178293
2839	55785.9	155933
2840	38938.2	137196
2841	37372.2	121682
2842	48582	109076
2843	36698.4	99005
2844	39356.3	91015.4
2845	32460.6	84819.6
2846	39664.8	80102.7
2847	33585.2	76474.2
2848	37766.5	73679.5
2849	41088.7	71532.4
2850	64200.7	69787.7
2851	62767.3	68245.5
2852	84377.1	66808.5
2853	213600	65427.1
2854	568855	63964.6
2855	1.29361e+06	62436.7
2856	2.12492e+06	60843.4
2857	2.85657e+06	59229.5
2858	3.22812e+06	57770.1
2859	3.26709e+06	56839.7
2860	3.13304e+06	57210.2
2861	2.85404e+06	60372.3
2862	2.48881e+06	68645.9
2863	2.07436e+06	84843.2
2864	1.68511e+06	112056
2865	1.35754e+06	153047
2866	1.08193e+06	209972
2867	872572	284018
2868	692907	375315
2869	560285	482645
2870	463903	603538
2871	419806	734440
2872	374507	870840
2873	333028	1.00778e+06
2874	267536	1.13985e+06
2875	227477	1.26207e+06
2876	225403	1.37012e+06
2877	217435	1.46035e+06
2878	201716	1.53022e+06
2879	158928	1.57806e+06
2880	126837	1.60326e+06
2881	141901	1.60623e+06
2882	134587	1.58808e+06
2883	142228	1.55065e+06
2884	108717	1.49632e+06
2885	92016.8	1.4278e+06
2886	98129.4	1.34793e+06
2887	106207	1.25963e+06
2888	108281	1.16575e+06
2889	103885	1.06895e+06
2890	70404.4	971587
2891	90161.2	875732
2892	98566	783147
2893	140391	695180
2894	114765	612930
2895	99439.3	537081
2896	92235.2	468081
2897	100312	406113
2898	98136.6	351165
2899	82910.9	303079
2900	72842.2	261533
2901	59598.1	226145
2902	59707.2	196428
2903	69000.9	171761
2904	66478	151665
2905	59694.1	135498
2906	38422.2	122679
2907	44753.2	112691
2908	56423.8	104955
2909	62077.7	99085.3
2910	42284.3	94604.5
2911	34383.5	91159
2912	38858.8	88452.7
2913	38479.3	86226.8
2914	26532.8	84303.2
2915	24915.4	82497
2916	23539.6	80725.2
2917	32071.8	78917.2
2918	1105.06	77007.3
2919	6261.85	74942.2
2920	7873.37	72756.5
2921	16391.3	70437.7
2922	17588.3	67948
2923	28685.5	65338
2924	84905.6	62626.2
2925	233857	59799.7
2926	538250	56879.3
2927	896326	53860.6
2928	1.20495e+06	50828.6
2929	1.36168e+06	47846.4
2930	1.37811e+06	45074.1
2931	1.32157e+06	42860.2
2932	1.20388e+06	41874
2933	1.04982e+06	43100.3
2934	874999	47734.4
2935	710807	57134.5
2936	572635	72464.6
2937	456376	94688.8
2938	368066	124308
2939	292280	161357
2940	236338	205387
2941	195682	255325
2942	177082	309651
2943	157974	366491
2944	140477	423716
2945	112851	479039
2946	95953.9	530334
2947	95078.7	575764
2948	91717.6	613783
2949	85087.5	643281
2950	67038.6	663541
2951	53502	674311
2952	59856.2	675721
2953	56771.1	668238
2954	59994.1	652643
2955	59872.2	629915
2956	38814.3	601189
2957	41392.7	567674
2958	44799.9	530585
2959	66653.1	491124
2960	50682.7	450426
2961	29697.8	409480
2962	38031.5	369172
2963	41576.8	330239
2964	58750.8	293271
2965	53603	258720
2966	48701.7	226899
2967	38906.4	197994
2968	42313.5	172086
2969	47658.1	149133
2970	42705.9	129093
2971	35378.9	111821
2972	25139.5	97135.4
2973	25185.5	84839.3
2974	37018.2	74644.4
2975	35183.6	66372.5
2976	28012.6	59737.1
2977	16207.1	54491.9
2978	18877.7	50408.4
2979	23407.4	47264.6
2980	21321.6	44902.4
2981	20289.4	43091.2
2982	15754.8	41709.9
2983	21020.8	40649.1
2984	14629.7	39753.6
2985	16262	38957.3
2986	15097.3	38212.2
2987	24194.3	37451.7
2988	27304.4	36629
2989	25983.8	35749.5
2990	76908.9	34799.7
2991	211832	33762.5
2992	487556	32669.7
2993	811908	31514.7
2994	1.09146e+06	30348.3
2995	1.23343e+06	29232.2
2996	1.24832e+06	28313.1
2997	1.1971e+06	27888.6
2998	1.0905e+06	28515.3
2999	950949	31099
3000	792589	36708.5
3001	643861	46529.2
3002	518702	61626.1
3003	413393	82832.6
3004	333400	110606
3005	264752	145000
3006	214079	185568
3007	177252	231351
3008	160403	281018
3009	143095	332842
3010	127246	384906
3011	102223	435178
3012	86916.7	481727
3013	86123.9	522897
3014	83079.4	557308
3015	77073.7	583969
3016	60724.7	602235
3017	48463	611881
3018	54218.8	613045
3019	51424.2	606154
3020	54343.7	591905
3021	41539.7	571207
3022	35158.6	545088
3023	37494.2	514629
3024	40580.5	480950
3025	41372.9	445136
3026	33782.3	408199
3027	26900.8	371043
3028	34449.6	334461
3029	37661	299117
3030	44792.8	265533
3031	38203.2	234130
3032	37994.7	205160
3033	35242.1	178798
3034	38328.3	155113
3035	33573.8	134093
3036	26859	115685
3037	24982.2	99754.6
3038	22771.8	86156.8
3039	22813.5	74706.3
3040	21896	65177.5
3041	19894.1	57381.6
3042	19518.7	51071.1
3043	14680.7	46035.2
3044	17099.7	42072.1
3045	16140.4	38978.1
3046	18142.4	36592.7
3047	13429.5	34739.5
3048	13137.6	33289.2
3049	14847.5	32131
3050	12345.1	31164.8
3051	9592.53	30314.6
3052	7215.27	29524.9
3053	8466.44	28754.7
3054	10301.5	27971.6
3055	10301.5	27169.4
3056	10301.5	26320.1
3057	10301.5	25431.4
3058	10301.5	24507.4
3059	10301.5	23538.4
3060	10301.5	22538.5
3061	10301.5	21507.5
3062	10301.5	20451.1
3063	10301.5	19365.8
3064	10301.5	18248.4
3065	10301.5	17116.2
3066	10301.5	15967.3
3067	10301.5	14803.7
3068	10301.5	13631.3
3069	10301.5	12469.7
3070	10301.5	11321.1
3071	10301.5	10190.5
3072	10301.5	9097.67
3073	10301.5	8041.03
3074	10301.5	7046.4
3075	10301.5	6113.46
3076	10301.5	5234.72
3077	10301.5	4437.17
3078	10301.5	3713.67
3079	10301.5	3057.41
3080	10301.5	2480.52
3081	10301.5	1974.98
3082	10301.5	1536.54
3083	10301.5	1163.63
3084	10301.5	850.089
3085	10301.5	592.781
3086	10301.5	382.144
3087	10301.5	214.326
3088	10301.5	86.7501
3089	10301.5	-11.7046
3090	10301.5	-83.5819
3091	10301.5	-129.769
3092	10301.5	-161.494
3093	10301.5	-179.257
3094	10301.5	-182.771
3095	10301.5	-181.038
3096	10301.5	-173.864
3097	10301.5	-160.918
3098	10301.5	-146.863
3099	10301.5	-131.452
3100	10301.5	-116.012
3101	10301.5	-101.209
3102	10301.5	-86.9871
3103	10301.5	-74.2025
3104	10301.5	-62.679
3105	10301.5	-52.4587
3106	10301.5	-43.6178
3107	10301.5	-36.0422
3108	10301.5	-29.6084
3109	10301.5	-24.1803
3110	10301.5	-19.7085
3111	10301.5	-16.0382
3112	10301.5	-12.9834
3113	10301.5	-10.5262
3114	10301.5	-8.5472
3115	10301.5	-6.90441
3116	10301.5	-5.59401
3117	10301.5	-4.53242
3118	10301.5	-3.64139
3119	10301.5	-2.9208
3120	10301.5	-2.32806
3121	10301.5	-1.82267
3122	10301.5	-1.4038
3123	10301.5	-1.05355
3124	10301.5	-0.754251
3125	10301.5	-0.503861
3126	10301.5	-0.295412
3127	10301.5	-0.121548
3128	10301.5	0.0200395
3129	10301.5	0.132894
3130	10301.5	0.221088
3131	10301.5	0.286503
3132	10301.5	0.332298
3133	10301.5	0.361686
3134	10301.5	0.375846
3135	10301.5	0.378034
3136	10301.5	0.371205
3137	10301.5	0.3558
3138	10301.5	0.334648
3139	10301.5	0.31017
3140	10301.5	0.282376
3141	10301.5	0.253277
3142	10301.5	0.224603
3143	10301.5	0.196023
3144	10301.5	0.168707
3145	10301.5	0.143527
3146	10301.5	0.120199
3147	10301.5	0.0991121
3148	10301.5	0.0805369
3149	10301.5	0.0642501
3150	10301.5	0.0502205
3151	10301.5	0.038365
3152	10301.5	0.0285301
3153	10301.5	0.0204579
3154	10301.5	0.0139366
3155	10301.5	0.00885747
3156	10301.5	0.00494847
3157	10301.5	0.00195643
3158	10301.5	-0.000126934
3159	10301.5	-0.00158146
3160	10301.5	-0.002575
3161	10301.5	-0.00310024
3162	10301.5	-0.00333638
3163	10301.5	-0.00339964
3164	10301.5	-0.00328658
3165	10301.5	-0.00307399
3166	10301.5	-0.00280405
3167	10301.5	-0.00252894
3168	10301.5	-0.00224476
3169	10301.5	-0.00197703
3170	10301.5	-0.00172612
3171	10301.5	-0.00150242
3172	10301.5	-0.00130493
3173	10301.5	-0.00113122
3174	10301.5	-0.000980576
3175	10301.5	-0.000851435
3176	10301.5	-0.000742925
3177	10301.5	-0.000648815
3178	10301.5	-0.0005683
3179	10301.5	-0.000500657
3180	10301.5	-0.000440549
3181	10301.5	-0.000388026
3182	10301.5	-0.000343001
3183	10301.5	-0.000302218
3184	10301.5	-0.000265666
3185	10301.5	-0.000233027
3186	10301.5	-0.000203356
3187	10301.5	-0.000176442
3188	10301.5	-0.000151961
3189	10301.5	-0.000129712
3190	10301.5	-0.000109518
3191	10301.5	-9.13545e-05
3192	10301.5	-7.53089e-05
3193	10301.5	-6.11741e-05
3194	10301.5	-4.88968e-05
3195	10301.5	-3.82891e-05
3196	10301.5	-2.9325e-05
3197	10301.5	-2.18678e-05
3198	10301.5	-1.58808e-05
3199	10301.5	-1.10994e-05
3200	10301.5	-7.40956e-06
3201	10301.5	-4.6364e-06
3202	10301.5	-2.69702e-06
3203	10301.5	-1.43475e-06
3204	10301.5	-5.16132e-07

2554	9432.8	0
2555	9432.8	0
2556	9432.8	0.000631259
2557	9432.8	0.0836823
2558	14121.1	1.06314
2559	9011.72	5.49088
2560	9011.72	16.1903
2561	9011.72	38.3604
2562	9011.72	70.2472
2563	6260.47	122.355
2564	7692.24	187.144
2565	4547.97	284.462
2566	4547.97	410.375
2567	4547.97	566.137
2568	7130.76	732.513
2569	8787.13	920.199
2570	5249.81	1131.91
2571	5249.81	1351.19
2572	5249.81	1583.89
2573	8646.73	1803.15
2574	8899.42	2029.29
2575	4351.45	2253.15
2576	4351.45	2465.64
2577	4351.45	2662.8
2578	3761.91	2846.55
2579	870.3	3029.7
2580	25098.2	3188.11
2581	36429.9	3336.49
2582	3116.2	3483.35
2583	673.786	3598.95
2584	35885.1	3697.42
2585	100165	3796.59
2586	43993.3	3898.12
2587	10724.1	4016.97
2588	17490.4	4177.37
2589	98358.2	4410.06
2590	204336	4726.28
2591	367536	5167.31
2592	563676	5813.84
2593	734694	6673.65
2594	860801	7773.53
2595	904768	9142.42
2596	861300	11075.2
2597	753849	13912.8
2598	671306	18206.2
2599	569496	24593.1
2600	512110	33839.5
2601	404644	46720
2602	352010	63691
2603	254225	85037.1
2604	215162	110729
2605	186152	140552
2606	156829	173832
2607	154615	209616
2608	132015	246784
2609	126411	284099
2610	86692.6	320096
2611	116048	353519
2612	132957	383219
2613	159309	408265
2614	155300	427910
2615	259461	441764
2616	587330	449706
2617	1.38112e+06	451694
2618	2.57378e+06	448157
2619	3.82659e+06	439587
2620	4.81855e+06	426816
2621	5.41484e+06	410809
2622	5.80682e+06	393214
2623	5.99496e+06	376438
2624	5.94951e+06	363959
2625	5.56646e+06	360474
2626	4.97122e+06	371368
2627	4.30995e+06	402190
2628	3.67594e+06	458181
2629	3.07427e+06	543855
2630	2.55186e+06	662303
2631	2.07105e+06	814909
2632	1.71342e+06	1.00079e+06
2633	1.54218e+06	1.21677e+06
2634	1.65663e+06	1.45738e+06
2635	2.11905e+06	1.7154e+06
2636	2.74171e+06	1.98207e+06
2637	3.3744e+06	2.24769e+06
2638	3.85962e+06	2.50279e+06
2639	4.18118e+06	2.73858e+06
2640	4.32483e+06	2.94761e+06
2641	4.23111e+06	3.12442e+06
2642	3.93594e+06	3.26607e+06
2643	3.53311e+06	3.37225e+06
2644	3.10138e+06	3.44491e+06
2645	2.6766e+06	3.48783e+06
2646	2.29761e+06	3.50608e+06
2647	2.03003e+06	3.50537e+06
2648	1.98356e+06	3.4915e+06
2649	2.06382e+06	3.46951e+06
2650	2.16255e+06	3.4435e+06
2651	2.15968e+06	3.41638e+06
2652	2.04781e+06	3.38961e+06
2653	1.90529e+06	3.36352e+06
2654	1.72242e+06	3.33744e+06
2655	1.56152e+06	3.31032e+06
2656	1.37674e+06	3.28094e+06
2657	1.18115e+06	3.24799e+06
2658	1.0422e+06	3.21027e+06
2659	885227	3.16672e+06
2660	771648	3.11661e+06
2661	671211	3.05953e+06
2662	626668	2.99519e+06
2663	554195	2.92352e+06
2664	478324	2.84468e+06
2665	442003	2.75879e+06
2666	413466	2.66617e+06
2667	393292	2.56716e+06
2668	361079	2.46224e+06
2669	332039	2.35214e+06
2670	313846	2.23762e+06
2671	322991	2.11965e+06
2672	320260	1.99917e+06
2673	319954	1.8773e+06
2674	363561	1.75521e+06
2675	447162	1.63396e+06
2676	539622	1.51472e+06
2677	651905	1.39846e+06
2678	772088	1.28621e+06
2679	986316	1.1789e+06
2680	1.24924e+06	1.07732e+06
2681	1.49343e+06	982226
2682	1.65178e+06	894383
2683	1.66236e+06	814549
2684	1.60515e+06	743345
2685	1.46588e+06	681511
2686	1.31301e+06	629933
2687	1.16687e+06	589402
2688	1.07492e+06	560686
2689	1.10935e+06	544358
2690	1.24674e+06	540535
2691	1.48655e+06	548916
2692	1.84064e+06	568771
2693	2.25314e+06	598855
2694	2.70868e+06	637495
2695	3.20685e+06	682975
2696	3.62743e+06	733479
2697	3.88272e+06	787463
2698	3.83228e+06	843808
2699	3.6005e+06	901963
2700	3.2234e+06	962165
2701	2.82542e+06	1.02527e+06
2702	2.40024e+06	1.09277e+06
2703	2.01492e+06	1.16634e+06
2704	1.62939e+06	1.24752e+06
2705	1.31267e+06	1.33738e+06
2706	1.07497e+06	1.4361e+06
2707	893788	1.5429e+06
2708	759200	1.65609e+06
2709	642471	1.77285e+06
2710	554699	1.88974e+06
2711	478657	2.0026e+06
2712	432100	2.10711e+06
2713	413617	2.19909e+06
2714	358064	2.27462e+06
2715	321924	2.33055e+06
2716	289350	2.36457e+06
2717	277988	2.37536e+06
2718	288968	2.36253e+06
2719	251383	2.32662e+06
2720	239901	2.26903e+06
2721	206156	2.19184e+06
2722	193292	2.09761e+06
2723	199731	1.98933e+06
2724	192161	1.87023e+06
2725	183969	1.74347e+06
2726	153876	1.61221e+06
2727	161181	1.47938e+06
2728	159033	1.34756e+06
2729	170264	1.21907e+06
2730	167338	1.0958e+06
2731	180312	979266
2732	176921	870527
2733	198569	770394
2734	293473	679304
2735	530284	597323
2736	1.01217e+06	524461
2737	1.59221e+06	460367
2738	2.08134e+06	404689
2739	2.34093e+06	356939
2740	2.36086e+06	316735
2741	2.25707e+06	283975
2742	2.05009e+06	258902
2743	1.78637e+06	242380
2744	1.50314e+06	235690
2745	1.2265e+06	240274
2746	1.00081e+06	257402
2747	801328	287979
2748	656938	332322
2749	531848	390043
2750	436126	459894
2751	368532	539832
2752	340704	627138
2753	308289	718454
2754	289787	810181
2755	290345	898523
2756	429269	979876
2757	767275	1.05127e+06
2758	1.14162e+06	1.11019e+06
2759	1.47199e+06	1.15485e+06
2760	1.61568e+06	1.18421e+06
2761	1.61163e+06	1.19806e+06
2762	1.55954e+06	1.19704e+06
2763	1.42434e+06	1.18263e+06
2764	1.25929e+06	1.15719e+06
2765	1.04278e+06	1.12375e+06
2766	849664	1.08559e+06
2767	701113	1.046e+06
2768	578153	1.00803e+06
2769	481941	974245
2770	384389	946550
2771	310065	926037
2772	278787	913024
2773	264037	907061
2774	255830	907036
2775	224545	911395
2776	193620	918069
2777	169949	925099
2778	174573	930584
2779	162242	932770
2780	142746	930415
2781	119388	922466
2782	100416	908368
2783	107517	887969
2784	102444	861361
2785	102380	829051
2786	86070.4	791684
2787	69515.9	750118
2788	76749.5	705313
2789	78779.1	658233
2790	83373.3	609904
2791	65569	561252
2792	56639.7	513109
2793	68952.6	466238
2794	68339.2	421279
2795	72058.1	378701
2796	59707.1	338914
2797	61719.3	302160
2798	61683.9	268573
2799	46787.7	238228
2800	40983.8	211060
2801	32787	187009
2802	30496	165921
2803	27797.7	147597
2804	27848.6	131837
2805	26728.6	118365
2806	24284.8	106959
2807	23826.6	97311.1
2808	17920.8	89158.5
2809	20873.7	82286.1
2810	19702.8	76442
2811	22146.5	71434
2812	16393.5	67058.1
2813	16037.1	63191.5
2814	18124.5	59703.5
2815	15069.8	56481.4
2816	11709.7	53468.4
2817	8807.74	50593.8
2818	10335	47854.6
2819	12575.2	45211
2820	12575.2	42641.7
2821	12575.2	40161.8
2822	12575.2	37767.4
2823	12575.2	35451.7
2824	12575.2	33224.6
2825	12575.2	31088.9
2826	12575.2	29036.6
2827	12575.2	27072
2828	12575.2	25179.6
2829	12575.2	23349.7
2830	12575.2	21586.3
2831	12575.2	19880
2832	12575.2	18228.6
2833	12575.2	16619.3
2834	12575.2	15071.2
2835	12575.2	13585.4
2836	12575.2	12147.8
2837	12575.2	10781.6
2838	12575.2	9485.41
2839	12575.2	8274.37
2840	12575.2	7148.46
2841	12575.2	6099.18
2842	12575.2	5151.01
2843	12575.2	4295.69
2844	12575.2	3522.5
2845	12575.2	2845.05
2846	12575.2	2253.64
2847	12575.2	1741.54
2848	12575.2	1307.16
2849	12575.2	942.884
2850	12575.2	644.764
2851	12575.2	401.329
2852	12575.2	208.099
2853	12575.2	62.1741
2854	12575.2	-49.93
2855	12575.2	-131.039
2856	12575.2	-181.9
2857	12575.2	-216.186
2858	12575.2	-234.293
2859	12575.2	-235.613
2860	12575.2	-231.128
2861	12575.2	-220.451
2862	12575.2	-203.036
2863	12575.2	-184.574
2864	12575.2	-164.689
2865	12575.2	-144.926
2866	12575.2	-126.097
2867	12575.2	-108.101
2868	12575.2	-91.9521
2869	12575.2	-77.4312
2870	12575.2	-64.577
2871	12575.2	-53.4692
2872	12575.2	-43.9646
2873	12575.2	-35.9058
2874	12575.2	-29.1195
2875	12575.2	-23.5419
2876	12575.2	-18.9782
2877	12575.2	-15.1956
2878	12575.2	-12.1702
2879	12575.2	-9.75021
2880	12575.2	-7.75703
2881	12575.2	-6.18516
2882	12575.2	-4.92746
2883	12575.2	-3.88399
2884	12575.2	-3.05461
2885	12575.2	-2.38367
2886	12575.2	-1.81861
2887	12575.2	-1.35899
2888	12575.2	-0.980859
2889	12575.2	-0.661066
2890	12575.2	-0.397625
2891	12575.2	-0.181327
2892	12575.2	-0.0026993
2893	12575.2	0.140668
2894	12575.2	0.253047
2895	12575.2	0.339256
2896	12575.2	0.401317
2897	12575.2	0.442616
2898	12575.2	0.466695
2899	12575.2	0.474794
2900	12575.2	0.470397
2901	12575.2	0.45665
2902	12575.2	0.43408
2903	12575.2	0.40563
2904	12575.2	0.373954
2905	12575.2	0.339077
2906	12575.2	0.303131
2907	12575.2	0.268015
2908	12575.2	0.233332
2909	12575.2	0.200373
2910	12575.2	0.170125
2911	12575.2	0.142146
2912	12575.2	0.11692
2913	12575.2	0.0947302
2914	12575.2	0.0753034
2915	12575.2	0.0585826
2916	12575.2	0.0444683
2917	12575.2	0.0327774
2918	12575.2	0.0231965
2919	12575.2	0.01547
2920	12575.2	0.0094664
2921	12575.2	0.00486515
2922	12575.2	0.00135862
2923	12575.2	-0.00106201
2924	12575.2	-0.00272865
2925	12575.2	-0.00384632
2926	12575.2	-0.00440591
2927	12575.2	-0.00462029
2928	12575.2	-0.00463128
2929	12575.2	-0.00443413
2930	12575.2	-0.00412087
2931	12575.2	-0.00374259
2932	12575.2	-0.00336241
2933	12575.2	-0.00297521
2934	12575.2	-0.00261179
2935	12575.2	-0.0022726
2936	12575.2	-0.00197045
2937	12575.2	-0.00170377
2938	12575.2	-0.00146947
2939	12575.2	-0.00126637
2940	12575.2	-0.00109248
2941	12575.2	-0.000946513
2942	12575.2	-0.000820785
2943	12575.2	-0.000713838
2944	12575.2	-0.00062458
2945	12575.2	-0.000546181
2946	12575.2	-0.000478552
2947	12575.2	-0.000421303
2948	12575.2	-0.000369855
2949	12575.2	-0.000324301
2950	12575.2	-0.000284458
2951	12575.2	-0.000248238
2952	12575.2	-0.000215384
2953	12575.2	-0.0001855
2954	12575.2	-0.00015834
2955	12575.2	-0.000133689
2956	12575.2	-0.000111517
2957	12575.2	-9.19302e-05
2958	12575.2	-7.46757e-05
2959	12575.2	-5.96887e-05
2960	12575.2	-4.67398e-05
2961	12575.2	-3.57973e-05
2962	12575.2	-2.66942e-05
2963	12575.2	-1.93858e-05
2964	12575.2	-1.35492e-05
2965	12575.2	-9.04491e-06
2966	12575.2	-5.65969e-06
2967	12575.2	-3.29228e-06
2968	12575.2	-1.75141e-06
2969	12575.2	-6.30046e-07

51	50	50
50	50	50
50	50	49
51	49	50
49	50	51
50	50	50
51	51	51
50	49	49
50	50	51
50	50	50
50	50	50
50	50	50
50	50	50
50	51	49
50	50	50
50	50	51
51	50	50
51	49	51
50	49	49
50	50	50
50	50	49
49	49	50
50	50	50
50	49	50
50	50	50
50	50	51
50	50	49
49	50	50
49	50	50
50	50	50
50	51	50
51	50	49
49	50	50
50	50	49
50	50	50
50	50	50
50	50	51
50	50	50
50	50	50
50	51	50
51	49	50
50	50	50
50	51	51
50	49	50
50	50	50
51	50	50
50	50	50
51	50	50
50	50	50
50	50	50
49	50	51
49	51	50
51	50	50
50	50	50
50	50	49
50	50	50
50	50	51
50	50	51
50	50	50
50	50	50
50	50	49
50	50	50
50	50	50
50	50	50
50	50	50
49	50	50
50	50	50
50	50	51
50	51	51
50	50	50
50	49	50
50	50	49
50	50	51
51	49	50
49	51	50
50	50	51
49	50	50
50	51	51
49	50	50
50	50	50
51	50	49
50	50	50
49	49	49
50	51	50
49	50	50
50	50	50
51	50	50
50	51	50
50	50	51
50	49	51
50	50	50
51	50	51
50	50	50
50	50	50
51	50	51
49	50	50
50	50	50
50	50	50
48	50	50
50	50	50
51	50	51
50	50	51
50	51	50
51	50	50
51	50	50
50	51	50
49	50	50
50	50	50
51	50	49
50	49	51
50	50	50
49	50	51
51	50	49
49	50	50
51	50	50
50	49	51
49	50	50
50	50	49
49	51	50
49	49	51
50	50	50
50	50	50
51	50	51
50	50	49
50	51	50
51	50	51
50	50	50
50	49	51
50	50	50
51	50	50
49	50	50
49	50	51
50	50	50
50	51	50
51	50	50
50	51	50
51	51	50
50	50	49
50	51	50
50	50	50
50	50	50
51	50	50
50	50	50
50	50	49
49	50	50
51	50	49
50	50	50
49	50	50
50	51	51
49	49	49
50	50	51
51	49	50
50	51	50
50	50	50
50	49	50
50	50	50
49	50	50
50	49	50
50	50	50
50	50	49
50	50	50
50	50	50
50	49	50
50	50	51
50	50	50
50	50	51
50	50	50
49	50	50
51	51	51
50	51	50
49	50	51
50	50	50
50	50	51
51	49	49
49	49	50
51	50	50
51	51	50
50	50	50
50	51	50
49	51	51
50	50	49
50	50	50
49	51	50
50	50	50
50	50	50
50	50	49
51	50	50
50	50	50
50	50	51
50	50	50
50	50	50
51	50	50
51	50	50
50	50	49
49	50	50
50	50	50
50	50	50
50	49	50
50	51	50
50	50	50
50	51	50
50	50	50
51	49	50
51	50	50
50	50	50
50	49	50
49	51	49
50	51	50
50	50	51
50	50	50
50	50	49
50	51	51
51	50	49
51	50	50
50	50	50
50	50	49
50	50	50
50	50	50
50	51	50
51	50	50
51	50	51
51	51	49
50	49	50
51	50	50
51	51	50
49	49	50
50	50	51
50	50	51
50	50	50
49	50	49
50	50	50
50	49	51
50	50	50
50	50	50
50	51	49
51	51	50
50	50	50
50	50	49
50	49	50
50	50	50
50	51	50
50	50	51
49	50	50
50	50	49
52	50	51
53	63	51
50	56	63
53	58	56
51	61	54
51	59	56
50	50	51
50	49	53
51	49	50
50	53	50
51	50	50
50	54	51
51	51	49
50	51	51
50	52	51
49	50	49
50	49	50
51	50	50
51	51	50
50	51	50
50	51	50
50	49	50
51	50	50
50	49	50
50	49	50
51	50	50
50	49	50
50	50	49
51	50	50
50	50	50
50	50	49
50	50	50
51	50	50
50	50	49
50	51	50
50	50	50
51	50	51
50	50	50
51	50	50
51	50	49
49	49	50
50	50	49
50	51	50
50	50	50
51	50	50
51	50	50
50	50	51
51	51	50
50	49	49
49	50	51
51	50	50
50	50	49
50	51	50
49	50	49
50	50	50
51	51	50
49	50	49
51	50	49
49	50	51
51	50	50
50	50	50
51	51	50
50	50	50
50	49	50
50	49	50
51	50	50
50	48	50
49	51	50
50	49	50
50	50	50
50	50	50
50	51	50
50	51	50
51	50	50
50	51	50
50	50	51
49	50	50
51	49	50
49	50	49
50	50	49
51	50	50
50	51	51
49	49	51
50	49	50
51	50	49
52	50	51
50	50	50
50	50	49
49	49	50
50	50	50
50	51	51
50	50	51
49	50	50
50	50	50
50	51	51
51	50	49
50	49	51
50	50	49
50	50	50
50	50	50
49	50	50
50	50	50
50	50	49
50	50	49
50	50	51
50	50	49
50	51	50
50	50	50
50	49	50
50	50	50
50	50	50
50	50	50
49	50	50
50	50	50
49	50	49
51	51	50
50	50	50
49	50	50
50	49	50
51	50	50
49	50	50
50	50	50
50	50	50
50	51	50
50	50	50
51	50	50
51	50	50
50	51	50
50	50	50
50	50	49
50	50	50
51	50	50
51	50	50
50	50	50
50	50	50
50	50	51
50	49	51
50	51	50
49	50	50
51	49	49
49	50	51
50	50	50
50	49	50
51	49	50
50	50	49
50	50	51
50	49	49
50	50	50
50	50	50
50	49	50
50	50	50
50	49	50
50	50	50
50	49	50
51	50	50
50	50	51
50	49	50
51	50	51
50	51	50
51	51	51
51	50	50
50	49	50
50	49	51
50	49	50
50	50	50
50	50	50
50	50	50
50	51	49
50	50	50
50	50	49
50	50	50
50	51	50
50	50	50
50	50	50
50	49	50
50	50	50
50	51	50
51	51	50
51	50	50
50	51	50
49	50	50
48	49	50
49	50	50
50	49	50
49	50	50
50	52	51
51	50	50
49	50	50
50	50	49
49	50	50
50	50	50
50	49	50
50	50	51
50	50	50
51	50	50
50	49	50
50	50	50
50	50	50
51	50	51
50	50	50
51	49	50
50	49	50
52	51	50
50	50	50
50	50	50
50	51	51
50	50	50
50	50	50
51	50	50
50	50	50
50	50	50
50	51	50
48	50	50
50	50	49
50	49	50
50	50	49
49	51	50
49	50	50
49	51	50
50	50	49
50	50	50
49	50	49
50	50	50
50	50	51
50	50	50
49	50	50
50	50	51
49	50	50
50	50	50
50	51	51
50	50	51
51	50	50
50	50	49
50	50	50
49	50	49
50	51	50
50	51	51
50	50	50
50	50	51
50	51	51
50	51	50
50	50	50
50	50	50
50	50	50
50	50	50
50	50	51
50	50	50
49	49	50
49	51	50
50	50	50
50	50	51
50	51	49
49	50	49
50	51	51
50	49	51
51	50	50
49	49	50
50	50	50
49	50	50
50	50	50
50	49	50
50	49	49
51	50	51
50	50	50
50	50	50
50	50	51
50	50	50
50	50	50
50	50	50
50	50	49
49	50	50
50	50	50
50	50	50
50	50	50
50	51	50
50	50	50
50	50	50
50	50	50
49	50	50
50	50	50
50	50	50
50	50	50
51	50	50
50	50	50
50	50	50
50	51	50
50	50	50
49	50	50
50	50	50
49	51	49
51	49	50
50	50	50
49	50	51
50	50	51
49	50	50
50	50	51
50	50	51
50	50	50
51	49	50
50	50	50
50	50	51
51	50	51
50	51	50
50	50	50
50	50	50
51	50	51
50	50	50
50	50	50
50	50	50
49	49	49
50	50	49
51	50	50
49	50	51
50	49	50
51	50	50
51	50	50
51	50	50
50	49	50
50	50	50
49	50	50
50	51	50
51	50	49
50	50	50
50	50	49
50	51	50
50	50	50
49	50	50
51	49	49
50	50	50
50	50	50
50	50	50
50	50	50
51	50	49
50	50	50
50	50	50
50	50	50
50	50	49
51	50	51
50	50	49
50	50	50
51	50	49
50	49	51
50	50	50
50	52	49
49	50	50
50	50	50
50	50	50
51	50	50
50	49	50
50	51	50
50	50	50
50	49	50
50	50	50
50	51	50
49	50	50
50	50	50
50	50	50
50	51	50
50	50	51
50	50	50
51	49	50
50	50	49
51	50	51
50	50	50
50	50	50
51	50	51
50	50	50
50	50	49
51	50	50
50	50	50
50	51	49
50	50	51
50	49	50
51	50	50
50	50	50
50	50	50
50	50	49
51	50	50
50	51	49
50	50	50
51	50	49
50	49	51
50	50	50
50	51	51
50	50	50
50	49	49
51	50	50
50	50	51
50	50	50
50	50	51
51	51	49
50	50	50
51	50	51
50	49	50
51	50	50
49	50	50
50	50	49
50	49	51
50	50	49
50	50	51
50	49	50
51	50	49
50	50	49
51	49	49
50	50	50
50	50	50
50	51	50
49	50	50
50	50	50
49	50	50
51	49	49
50	51	50
50	51	50
50	50	50
50	50	49
51	50	51
50	50	51
50	50	50
50	50	50
49	50	49
50	50	51
50	49	50
50	49	50
50	50	50
50	49	50
49	50	50
50	50	50
49	50	50
50	50	51
49	51	50
50	50	51
50	50	50
50	50	50
49	51	50
50	50	50
50	49	51
50	50	51
50	49	50
50	50	51
51	50	49
50	51	49
50	50	50
50	50	50
50	51	51
50	50	49
50	51	50
50	49	51
49	50	50
50	50	50
50	50	50
50	51	50
50	50	49
49	50	51
51	50	50
49	50	50
50	51	49
51	50	50
51	50	50
50	49	51
51	50	50
50	50	50
50	50	51
50	51	51
50	50	50
50	50	50
49	50	51
49	49	50
50	50	50
51	49	50
50	50	50
50	50	50
50	49	50
50	49	50
49	50	49
49	50	50
50	50	50
50	50	50
51	50	50
50	50	50
51	50	51
50	50	50
50	50	50
50	50	50
50	51	50
50	50	50
50	50	51
49	51	50
49	50	50
50	50	51
50	49	50
49	50	50
49	50	51
50	50	50
50	50	50
50	50	51
50	50	50
50	50	50
50	50	50
51	49	49
50	50	50
50	50	49
50	50	50
50	50	50
50	49	50
50	49	50
50	50	50
50	49	50
50	50	49
50	49	51
50	49	49
49	50	50
50	50	50
50	50	50
50	50	49
51	50	50
49	50	51
50	51	51
50	50	51
51	51	49
51	50	51
50	50	50
50	50	49
50	50	50
50	51	49


